R.-A. ,	1900	1	1
R.-A. ,	1903	6	2
R.-A. ,	1908	11	1
R.-A. ,	1935	1	1
R.-A. ,	1947	4	4
R.-A. ,	1956	1	1
R.-A. ,	1958	1	1
R.-A. ,	1959	2	2
R.-A. ,	1960	1	1
R.-A. ,	1961	2	1
R.-A. ,	1962	2	2
R.-A. ,	1963	2	2
R.-A. ,	1964	1	1
R.-A. ,	1965	1	1
R.-A. ,	1967	1	1
R.-A. ,	1968	2	2
R.-A. ,	1969	7	6
R.-A. ,	1970	8	5
R.-A. ,	1971	3	3
R.-A. ,	1972	2	2
R.-A. ,	1973	5	5
R.-A. ,	1974	7	5
R.-A. ,	1975	5	4
R.-A. ,	1976	1	1
R.-A. ,	1978	2	2
R.-A. ,	1979	2	2
R.-A. ,	1980	4	3
R.-A. ,	1981	2	2
R.-A. ,	1982	4	4
R.-A. ,	1983	11	9
R.-A. ,	1984	10	9
R.-A. ,	1985	7	6
R.-A. ,	1986	10	10
R.-A. ,	1987	6	6
R.-A. ,	1988	6	4
R.-A. ,	1989	15	12
R.-A. ,	1990	3	3
R.-A. ,	1991	8	6
R.-A. ,	1992	1	1
R.-A. ,	1993	9	7
R.-A. ,	1994	7	6
R.-A. ,	1995	16	14
R.-A. ,	1996	11	9
R.-A. ,	1997	18	10
R.-A. ,	1998	19	13
R.-A. ,	1999	10	8
R.-A. ,	2000	30	15
R.-A. ,	2001	20	16
R.-A. ,	2002	10	10
R.-A. ,	2003	17	16
R.-A. ,	2004	24	18
R.-A. ,	2005	22	17
R.-A. ,	2006	36	29
R.-A. ,	2007	39	23
R.-A. ,	2008	21	13
R.A. 26	1850	1	1
R.A. 26	1854	1	1
R.A. 26	1858	1	1
R.A. 26	1873	2	2
R.A. 26	1884	2	2
R.A. 26	1890	3	1
R.A. 26	1902	11	2
R.A. 26	1939	3	2
R.A. 26	1955	1	1
R.A. 26	1967	2	2
R.A. 26	1968	2	2
R.A. 26	1970	3	2
R.A. 26	1971	1	1
R.A. 26	1972	1	1
R.A. 26	1974	1	1
R.A. 26	1976	1	1
R.A. 26	1978	1	1
R.A. 26	1980	13	5
R.A. 26	1981	5	5
R.A. 26	1982	1	1
R.A. 26	1983	5	5
R.A. 26	1984	15	8
R.A. 26	1985	7	4
R.A. 26	1986	30	9
R.A. 26	1987	21	8
R.A. 26	1988	45	10
R.A. 26	1989	48	11
R.A. 26	1990	26	12
R.A. 26	1991	8	3
R.A. 26	1992	6	5
R.A. 26	1993	4	4
R.A. 26	1994	2	2
R.A. 26	1995	6	5
R.A. 26	1996	4	4
R.A. 26	1997	54	27
R.A. 26	1998	32	18
R.A. 26	1999	94	19
R.A. 26	2000	82	16
R.A. 26	2001	59	12
R.A. 26	2002	99	15
R.A. 26	2003	49	14
R.A. 26	2004	79	21
R.A. 26	2005	40	15
R.A. 26	2006	57	19
R.A. 26	2007	56	12
R.A. 26	2008	88	26
R.A. 27	1884	1	1
R.A. 27	1903	4	4
R.A. 27	1914	2	2
R.A. 27	1917	2	2
R.A. 27	1929	1	1
R.A. 27	1939	2	2
R.A. 27	1951	1	1
R.A. 27	1955	1	1
R.A. 27	1961	1	1
R.A. 27	1962	2	2
R.A. 27	1963	1	1
R.A. 27	1964	1	1
R.A. 27	1968	1	1
R.A. 27	1969	1	1
R.A. 27	1970	2	2
R.A. 27	1971	2	2
R.A. 27	1972	2	2
R.A. 27	1974	1	1
R.A. 27	1976	2	2
R.A. 27	1977	2	2
R.A. 27	1978	1	1
R.A. 27	1979	4	4
R.A. 27	1980	1	1
R.A. 27	1982	3	2
R.A. 27	1983	3	3
R.A. 27	1984	4	4
R.A. 27	1986	2	2
R.A. 27	1987	2	2
R.A. 27	1988	1	1
R.A. 27	1989	2	2
R.A. 27	1990	1	1
R.A. 27	1992	4	4
R.A. 27	1993	3	3
R.A. 27	1995	3	3
R.A. 27	1996	1	1
R.A. 27	1997	2	2
R.A. 27	1998	1	1
R.A. 27	1999	1	1
R.A. 27	2001	2	2
R.A. 27	2002	4	4
R.A. 27	2003	1	1
R.A. 27	2004	2	1
R.A. 27	2006	4	4
R.A. 27	2007	4	4
R.A. 27	2008	4	4
R.A. 4_NUM	1825	1	1
R.A. 4_NUM	1850	1	1
R.A. 4_NUM	1854	2	1
R.A. 4_NUM	1874	4	4
R.A. 4_NUM	1875	1	1
R.A. 4_NUM	1877	1	1
R.A. 4_NUM	1878	1	1
R.A. 4_NUM	1879	1	1
R.A. 4_NUM	1880	1	1
R.A. 4_NUM	1882	3	3
R.A. 4_NUM	1883	1	1
R.A. 4_NUM	1884	3	3
R.A. 4_NUM	1885	7	7
R.A. 4_NUM	1888	3	3
R.A. 4_NUM	1890	2	2
R.A. 4_NUM	1891	1	1
R.A. 4_NUM	1892	3	2
R.A. 4_NUM	1895	2	2
R.A. 4_NUM	1896	1	1
R.A. 4_NUM	1900	2	2
R.A. 4_NUM	1901	2	2
R.A. 4_NUM	1904	5	3
R.A. 4_NUM	1906	1	1
R.A. 4_NUM	1907	2	2
R.A. 4_NUM	1911	1	1
R.A. 4_NUM	1912	1	1
R.A. 4_NUM	1915	12	4
R.A. 4_NUM	1917	3	1
R.A. 4_NUM	1919	1	1
R.A. 4_NUM	1922	1	1
R.A. 4_NUM	1928	1	1
R.A. 4_NUM	1929	2	2
R.A. 4_NUM	1930	3	3
R.A. 4_NUM	1931	3	2
R.A. 4_NUM	1934	1	1
R.A. 4_NUM	1936	3	3
R.A. 4_NUM	1937	8	6
R.A. 4_NUM	1938	4	4
R.A. 4_NUM	1939	1	1
R.A. 4_NUM	1941	1	1
R.A. 4_NUM	1942	4	4
R.A. 4_NUM	1943	3	3
R.A. 4_NUM	1944	1	1
R.A. 4_NUM	1946	3	3
R.A. 4_NUM	1950	4	2
R.A. 4_NUM	1951	3	3
R.A. 4_NUM	1954	1	1
R.A. 4_NUM	1957	2	1
R.A. 4_NUM	1958	1	1
R.A. 4_NUM	1959	1	1
R.A. 4_NUM	1960	1	1
R.A. 4_NUM	1962	25	4
R.A. 4_NUM	1963	4	1
R.A. 4_NUM	1965	1	1
